000 000 000 000 000 000 000 000 000 000 000 000 000 000 000 000 000
000 300 000 118 119 120 000 132 133 134 000 146 147 148 000 000 601
000 101 000 117 000 121 000 131 000 135 000 145 000 149 000 000 000
000 102 000 116 000 122 000 130 000 136 000 144 000 150 000 000 602
000 103 000 115 000 123 000 129 000 137 000 143 000 151 000 000 000
000 104 000 114 000 124 000 128 000 138 000 142 000 152 000 000 603
000 105 000 113 000 125 126 127 000 139 140 141 000 153 400 000 000
000 106 000 112 000 500 000 000 000 000 000 000 000 000 000 000 604
000 107 000 111 000 000 000 000 000 000 000 000 000 000 000 000 000
000 108 109 110 000 000 000 000 000 000 000 000 000 000 000 000 701
000 000 000 000 000 000 000 000 000 000 000 000 000 000 000 000 000
